180,92
184,92
188,92
192,92
196,92
200,92
204,92
208,92
156,96
160,96
164,96
168,96
172,96
176,96
180,96
184,96
188,96
192,96
196,96
200,96
204,96
208,96
212,96
216,96
220,96
224,96
228,96
144,100
148,100
152,100
156,100
160,100
164,100
168,100
172,100
176,100
180,100
184,100
188,100
192,100
196,100
200,100
204,100
208,100
212,100
216,100
220,100
224,100
228,100
232,100
236,100
240,100
140,104
144,104
148,104
152,104
156,104
160,104
164,104
168,104
172,104
176,104
180,104
184,104
188,104
192,104
196,104
200,104
204,104
208,104
212,104
216,104
220,104
224,104
228,104
232,104
236,104
240,104
244,104
248,104
132,108
136,108
140,108
144,108
148,108
152,108
156,108
160,108
164,108
168,108
172,108
176,108
180,108
184,108
188,108
192,108
196,108
200,108
204,108
208,108
212,108
216,108
220,108
224,108
228,108
232,108
236,108
240,108
244,108
248,108
252,108
128,112
132,112
136,112
140,112
144,112
148,112
152,112
156,112
160,112
164,112
168,112
172,112
176,112
180,112
184,112
188,112
192,112
196,112
200,112
204,112
208,112
212,112
216,112
220,112
224,112
228,112
232,112
236,112
240,112
244,112
248,112
252,112
256,112
128,116
132,116
136,116
140,116
144,116
148,116
152,116
156,116
160,116
228,116
232,116
236,116
240,116
244,116
248,116
252,116
256,116
260,116
124,120
128,120
132,120
136,120
140,120
144,120
148,120
152,120
232,120
236,120
240,120
244,120
248,120
252,120
256,120
260,120
124,124
128,124
132,124
136,124
140,124
144,124
148,124
236,124
240,124
244,124
248,124
252,124
256,124
260,124
264,124
124,128
128,128
132,128
136,128
140,128
144,128
148,128
236,128
240,128
244,128
248,128
252,128
256,128
260,128
264,128
124,132
128,132
132,132
136,132
140,132
144,132
148,132
236,132
240,132
244,132
248,132
252,132
256,132
260,132
264,132
124,136
128,136
132,136
136,136
140,136
144,136
148,136
152,136
236,136
240,136
244,136
248,136
252,136
256,136
260,136
128,140
132,140
136,140
140,140
144,140
148,140
152,140
156,140
232,140
236,140
240,140
244,140
248,140
252,140
256,140
260,140
128,144
132,144
136,144
140,144
144,144
148,144
152,144
156,144
160,144
164,144
168,144
216,144
220,144
224,144
228,144
232,144
236,144
240,144
244,144
248,144
252,144
256,144
260,144
132,148
136,148
140,148
144,148
148,148
152,148
156,148
160,148
164,148
168,148
172,148
176,148
180,148
184,148
188,148
192,148
196,148
200,148
204,148
208,148
212,148
216,148
220,148
224,148
228,148
232,148
236,148
240,148
244,148
248,148
252,148
256,148
136,152
140,152
144,152
148,152
152,152
156,152
160,152
164,152
168,152
172,152
176,152
180,152
184,152
188,152
192,152
196,152
200,152
204,152
208,152
212,152
216,152
220,152
224,152
228,152
232,152
236,152
240,152
244,152
248,152
252,152
144,156
148,156
152,156
156,156
160,156
164,156
168,156
172,156
176,156
180,156
184,156
188,156
192,156
196,156
200,156
204,156
208,156
212,156
216,156
220,156
224,156
228,156
232,156
236,156
240,156
244,156
152,160
156,160
160,160
164,160
168,160
172,160
176,160
180,160
184,160
188,160
192,160
196,160
200,160
204,160
208,160
212,160
216,160
220,160
224,160
228,160
232,160
236,160
164,164
168,164
172,164
176,164
180,164
184,164
188,164
192,164
196,164
200,164
204,164
208,164
212,164
216,164
220,164
104,180
108,180
112,180
116,180
120,180
124,180
128,180
132,180
136,180
140,180
144,180
148,180
152,180
156,180
160,180
164,180
168,180
172,180
176,180
180,180
184,180
188,180
192,180
196,180
200,180
204,180
208,180
212,180
216,180
220,180
224,180
228,180
232,180
236,180
240,180
244,180
248,180
252,180
256,180
260,180
264,180
268,180
272,180
276,180
280,180
104,184
108,184
112,184
116,184
120,184
124,184
128,184
132,184
136,184
140,184
144,184
148,184
152,184
156,184
160,184
164,184
168,184
172,184
176,184
180,184
184,184
188,184
192,184
196,184
200,184
204,184
208,184
212,184
216,184
220,184
224,184
228,184
232,184
236,184
240,184
244,184
248,184
252,184
256,184
260,184
264,184
268,184
272,184
276,184
280,184
104,188
108,188
112,188
116,188
120,188
124,188
128,188
132,188
136,188
140,188
144,188
148,188
152,188
156,188
160,188
164,188
168,188
172,188
176,188
180,188
184,188
188,188
192,188
196,188
200,188
204,188
208,188
212,188
216,188
220,188
224,188
228,188
232,188
236,188
240,188
244,188
248,188
252,188
256,188
260,188
264,188
268,188
272,188
276,188
280,188
104,192
108,192
112,192
116,192
120,192
124,192
128,192
132,192
136,192
140,192
144,192
148,192
152,192
156,192
160,192
164,192
168,192
172,192
176,192
180,192
184,192
188,192
192,192
196,192
200,192
204,192
208,192
212,192
216,192
220,192
224,192
228,192
232,192
236,192
240,192
244,192
248,192
252,192
256,192
260,192
264,192
268,192
272,192
276,192
280,192
104,196
108,196
112,196
116,196
120,196
124,196
128,196
132,196
136,196
140,196
144,196
148,196
152,196
156,196
160,196
164,196
168,196
172,196
176,196
180,196
184,196
188,196
192,196
196,196
200,196
204,196
208,196
212,196
216,196
220,196
224,196
228,196
232,196
236,196
240,196
244,196
248,196
252,196
256,196
260,196
264,196
268,196
272,196
276,196
280,196
152,200
156,200
160,200
164,200
168,200
172,200
176,200
212,200
216,200
220,200
224,200
228,200
232,200
236,200
152,204
156,204
160,204
164,204
168,204
172,204
176,204
212,204
216,204
220,204
224,204
228,204
232,204
236,204
152,208
156,208
160,208
164,208
168,208
172,208
176,208
212,208
216,208
220,208
224,208
228,208
232,208
236,208
152,212
156,212
160,212
164,212
168,212
172,212
176,212
212,212
216,212
220,212
224,212
228,212
232,212
236,212
152,216
156,216
160,216
164,216
168,216
172,216
176,216
212,216
216,216
220,216
224,216
228,216
232,216
236,216
128,220
132,220
136,220
140,220
144,220
148,220
152,220
156,220
160,220
164,220
168,220
172,220
176,220
180,220
184,220
188,220
192,220
196,220
200,220
204,220
208,220
212,220
216,220
220,220
224,220
228,220
232,220
236,220
240,220
244,220
248,220
252,220
256,220
260,220
128,224
132,224
136,224
140,224
144,224
148,224
152,224
156,224
160,224
164,224
168,224
172,224
176,224
180,224
184,224
188,224
192,224
196,224
200,224
204,224
208,224
212,224
216,224
220,224
224,224
228,224
232,224
236,224
240,224
244,224
248,224
252,224
256,224
260,224
128,228
132,228
136,228
140,228
144,228
148,228
152,228
156,228
160,228
164,228
168,228
172,228
176,228
180,228
184,228
188,228
192,228
196,228
200,228
204,228
208,228
212,228
216,228
220,228
224,228
228,228
232,228
236,228
240,228
244,228
248,228
252,228
256,228
260,228
128,232
132,232
136,232
140,232
144,232
148,232
152,232
156,232
160,232
164,232
168,232
172,232
176,232
180,232
184,232
188,232
192,232
196,232
200,232
204,232
208,232
212,232
216,232
220,232
224,232
228,232
232,232
236,232
240,232
244,232
248,232
252,232
256,232
260,232
128,236
132,236
136,236
140,236
144,236
148,236
152,236
156,236
160,236
164,236
168,236
172,236
176,236
180,236
184,236
188,236
192,236
196,236
200,236
204,236
208,236
212,236
216,236
220,236
224,236
228,236
232,236
236,236
240,236
244,236
248,236
252,236
256,236
260,236
128,240
132,240
136,240
140,240
144,240
148,240
236,240
240,240
244,240
248,240
252,240
256,240
260,240
128,244
132,244
136,244
140,244
144,244
148,244
236,244
240,244
244,244
248,244
252,244
256,244
260,244
128,248
132,248
136,248
140,248
144,248
148,248
236,248
240,248
244,248
248,248
252,248
256,248
260,248
128,252
132,252
136,252
140,252
144,252
148,252
236,252
240,252
244,252
248,252
252,252
256,252
260,252
128,256
132,256
136,256
140,256
144,256
148,256
236,256
240,256
244,256
248,256
252,256
256,256
260,256
128,260
132,260
136,260
140,260
144,260
148,260
236,260
240,260
244,260
248,260
252,260
256,260
260,260
128,264
132,264
136,264
140,264
144,264
148,264
152,264
156,264
160,264
164,264
168,264
172,264
176,264
180,264
184,264
188,264
192,264
196,264
200,264
204,264
208,264
212,264
216,264
220,264
224,264
228,264
232,264
236,264
240,264
244,264
248,264
252,264
256,264
260,264
128,268
132,268
136,268
140,268
144,268
148,268
152,268
156,268
160,268
164,268
168,268
172,268
176,268
180,268
184,268
188,268
192,268
196,268
200,268
204,268
208,268
212,268
216,268
220,268
224,268
228,268
232,268
236,268
240,268
244,268
248,268
252,268
256,268
260,268
128,272
132,272
136,272
140,272
144,272
148,272
152,272
156,272
160,272
164,272
168,272
172,272
176,272
180,272
184,272
188,272
192,272
196,272
200,272
204,272
208,272
212,272
216,272
220,272
224,272
228,272
232,272
236,272
240,272
244,272
248,272
252,272
256,272
260,272
128,276
132,276
136,276
140,276
144,276
148,276
152,276
156,276
160,276
164,276
168,276
172,276
176,276
180,276
184,276
188,276
192,276
196,276
200,276
204,276
208,276
212,276
216,276
220,276
224,276
228,276
232,276
236,276
240,276
244,276
248,276
252,276
256,276
260,276
128,280
132,280
136,280
140,280
144,280
148,280
152,280
156,280
160,280
164,280
168,280
172,280
176,280
180,280
184,280
188,280
192,280
196,280
200,280
204,280
208,280
212,280
216,280
220,280
224,280
228,280
232,280
236,280
240,280
244,280
248,280
252,280
256,280
260,280